%  Vlasov1 / input parameters

% --  --
dx = 0.500000;
dt = 0.050000;
nx = 200.000000;
nv = 100.000000;
ntime = 2000.000000;

% -- species --
ns = 1.000000;
wp = [1.000000, ];
qm = [-1.000000, ];
vt = [1.000000, ];
vd = [0.000000, ];
vmax = [9.999900, ];
vmin = [-9.999900, ];

% -- scheme --
scheme = 1.000000;
efield = 1.000000;

% -- noise --
noise = 1.000000;

nmode = 8.000000;
pamp = [0.000000, 0.000000, 0.010000, 0.000000, 0.000000, 0.000000, 0.000000, 0.000000, ];
namp = [0.000000, 0.000000, 0.000000, 0.000000, 0.000000, 0.000000, 0.000000, 0.000000, ];
pphs = [0.000000, 0.000000, 0.000000, 0.000000, 0.000000, 0.000000, 0.000000, 0.000000, ];
nphs = [0.000000, 0.000000, 0.000000, 0.000000, 0.000000, 0.000000, 0.000000, 0.000000, ];

% -- diagnostics --
nplot = 1000.000000;
emax = 0.015000;
diagtype = [2.000000, 10.000000, 7.000000, 9.000000, 3.000000, 4.000000, ];
